646 Index

Iud. 1, 9-12 ..... 451, 11 Iud 6,11 ....... 467. 13
1, 12 ......... 450, 25 6,12 ......... 467, 25
1,14 ......... 452, 6 6,13. . . . . 11 624, 18. 21
1, 15 ......... 452. 21 6,14 ......... 467. 29
1,18.19 ....... 453, l 6,1.) ......... 468. 6
1, 20 ......... 454. 1 6. ,18 ....... 33, 23
1, 21 ......... 454, 7 6,18 ......... 468,12
1, 27 ....... 5155, 1. 13 6. 20 ......... 469, 3
1, 28 ......... 455,16 6, 20. 21 ....... 468,16
1, 34 ......... 455, 22 6. 22 ......... 468. 26
2, 1 ......... 456, 26 6, 25 ........ 11 625, 1
2, 3 ......... 457. 8 6, 34, 11 625, 7; 111 486, 25
2, 6 ......... 457,17 6. 37—39 ....... 393, 4
2, 8. .Π620, 22111457 21 6,.39 487, 8:488. 7:
2,10 ..ΙΙ 621, 5, ΠΙ 457, 26 489, 13
2,13 ......... 458,1 7, 5 ......... 470, 22
2,14. ,Π 621, 8, 111 458, 25 7, 6 ......... 470. 18
2,18 ........ ΙΙ 621, 10 7, 11 ......... 472, 8
2,19 ........ ΙΙ 621, 16 7. 12 ........ ΙΙ 625, 9
2, 20. . . ΙῙ 621, 24, 622, 13 7, 13 ......... 472, 18
ΠΙ 460, 5 7, 16 ........ 11 625, 17
2. 21—23 ....... 459, 18 7, 16-22 ....... 489, 20
3, 1. 2. 3 ...... 460, 25 7, 20 ......... 472. 25
3, 4 ......... 461,16 8,1 ..... 11 625, 19. 21
3, 9 ......... 46215 8, 22 ......... 496, 30
3,10 ........ 11 622. 3 8, 23 ......... 497,1
3,11 ......... 463, 4 8, 26. 27 ....... 473, 6
3, 17 ........ 11 622, 12 8, 27 ..... 486, 27; 493, :5
3, 17. 22 ....... 463. 19 8, 28 ......... 475, 22
3, 19 ......... 463. 10 8, 33 ......... 476,12
3, 20 ......... 463, 12 9, 4. ,ΙΙ 625, 24. 27, 626, 3
3, 21 ........ Π 622, 9 9, 5 . ,ΙΙ 626, 6· 111 47 5 20
3, 23 ......... 464, l 9,14 ......... 477,1
3. 25 ......... 464, 6 9,15 ......... 477, 3
3, 30 ......... 464. 13 9, 23 . . ΙΙ 626,15; ΙΙΙ 477, 21
3, 31. . . ΙΙ 622,17;625. 5; 9, 32. 33 ....... 478, 8
ΙΙΙ 464, 16 9, 34 ........ 11 626,17
4, 6 . ,11622,20,·ΙῙΙ 468, 3 9. 43 ........ 11 626, 20
4, 8. .ΙΙ623, 13111465. 8 9,5·5. .. . . .. .Ι1626. 23
4,13 ........ II 623, 4 10. 1 ......... 479, 5
4,15 ..... 11 623,9.17·10, 6-8 ....... 493, 7
ΙΙΙ 465, 18 11, 2 ....... 493, 19. 26
4, 18 ........ ΙΙ 623, 19 11. 2. 3 ....... 492,19
4, 20 ........ ΙΙ 623, 21 11, 3 ....... 494, 2. 15
4, 22 ......... 465, 25 11, 4 ......... 495, 15
4, 24 ..... ΙΙ 624, 1. 3 11, ’5 sqq. ...... 495, 19
5, 7. 8 ....... 466, 3 11, 6 ......... 495, 25
¹5, 8 ......... 466, 19 11, 7 ......... 496, 7
5, 26 ........ ΙΙ 624, 6 11, 8 ..ΙΙ 626, 25; ΠΙ 497,11
5, 31 ........ ῙῙ 624, 8 11. 8, 9 ....... 496. 25
6, 3 ..... 11 624, 11. 13 11, 9 ......... 497,
6, 8 ......... 467. 7 11, 11 sqq. ...... 497. 22
6, 9 ........ 11624‚ 16 11, 24 ......... 480, 9

