654 1 n d e x

Iob 37, 2 ....... 594, 7 Iob 38, 31. 32 ..... 610, 19
37, 3 ..... 594, 9. 11. 13 38, 33 ....... 612, 16. 27
37, 4 ....... 594, 18. 22 38, 34 ....... 613, 4. 6
37, 5 ..... 594, 26; 595, 2 38, 35 ....... 613, 11. 14
37, 6 ......... 595, 6 38, 36 . . .” ...... 613.19
37, 7 ......... 595, 10 38, 37 ....... 614, 4. 6
37, 8 ....... 595, 13. 14 38, 38 ......... 614,10
37, 9 ....... 595. 18. 27 38, 39 ......... 615,1
37, 10 ....... 596, 4. 5 38, 40 ....... 615, 9. 17
37, 11 . . . . . 596, 6. 7. ll 38, 41 ......... 615, 22
37, 12 ....... 596, 12. 20 39, I ....... 616, 7. 21
37. 13 ....... 596, 24. 25 39, 2 ..... 616, 25; 617, 1
37, 14 ..... 596. 27; 597, 1 39. 3 ....... 617, 6. 9
37, 15 ........ 597. 4. 5 39, 4 ..... 617, 10. 11. 12
37, 16 ....... 597, 10. 12 39, 5 ....... 61,7 17.19
37. 18 ......... 598, 8 39, 6 ......... 617, 21
37, 19 ......... 598, 11 39, 7 ....... 617, 23. 25
37, 20 ....... 598, 14. 23 39, 8 ....... 617, 26. 27
37, 21 . . . . . . . 599, 4. 11 39, 9 . .’ ..... 618,1. 4
37, 22 ....... 599, 13. 17 39,10 ....... 618, 8.11
37, 23 ....... 599, 25. 27 39,11 ....... 618, 13. 16
38, 1 ......... 600. 9 39, 12 ....... 618, 18. 20
38, 2 ......... 600,16 39, 13 ......... 619, 3
38, 3 ......... 601, 2 39, 14 ....... 619, 9.13
38, 3. 4 ...... . 601, 5 39, 15 ......... 619, 16
38, 4 ....... 601, 22. 26 39, 16 ....... 619, 21. 24
38, 5 ....... 602, 1. 9 39, 17 ......... 619, 27
38, 6 ....... 602, 12. 15 39, 18 ......... 620, 9
38, 7 ....... 602,17. 19 39, 19 ....... 620, 18. 20
38, 8 ....... 602, 20. 23 39, 20 ......... 620, 22
38, 9 ....... 603, 2. 5 39, 21 ..... 620, 26; 621, 2
38, 10 ......... 603, 12 39, 22 ....... 621, 3. 6
38, 11 ....... 603, 15. 18 39, 23 ....... 621, 9. 15
38, 12 ....... 603, 20. 22 39, 24 ..... 621, 28; 622, 8
38, 13 ..... 603, 29; 604. 3 39, 25 . 622, 11. 17. 26; 623, 2
38, 14 ....... 604, 9. 15 39, 26 ..... 623, 28; 624, 3
38, 15 ....... 604, 19. 21 39, 27 ....... 624, 12. 22
38, 16 . . . ,. . . . 604, 24. 30 39, 28 ......... 625, 13
38, 17 ....... 605. 10. 14 39, 29 ......... 625,16
38, 18 ....... 605. 18. 20 39, 29. 30 ....... 625, 18
38, 19 ....... 605, 21. 24 39, 30 ......... 626, 2
38, 20 ....... 606, 10. 14 39, 31 ......... 626, 4
38, 22 ....... 607, 8. 19 39, 32 ....... 626, 8. 10
38, 23 ......... 607, 22 39. 33. 34 ....... 627, 13
38, 24 ....... 608, 2. 5 39, 34 ....... 627, 18. 20
38, 25 ......... 608,12 39, 35 ......... 627, 21
38, 25 ......... 609, 1 40, 14 . . . II 352, 22; 550, 18
38, 26 ....... 609, 15. 18 ΡΒ. l, 6 ........ 407, 22
38, 27 ......... 609. 20 2, 4 ......... 611. 20
38, 28 ....... 609, 24. 25 2, 7 . . . .. . 31, 243 573, 2
38, 29 ......... 609, 28 2,11. . . 621, 27; Π 351, 15
38, 29. 30 ....... 610, 10 2,11. 12 ....... 600, 5
38, 30 ......... 610, 17 3, 5 ........ 11 358, 12

