Gen. 10,19--31 . . . .

scriptorum.

10, 21 ....... 11, 21
10, 22-24 ..... 11, 22
10, 25 ....... 10, 6
11, 1 . . . . 11 512, 22. 24;

ΙΠ 10, 10
11, 1—8 . . . . 11 282, 4
11, 3 ...... 11 513, 1
11, 4 . . ῙῙ 513, 4; ΙΙΙ 10, 17
11. 7 ..11 6, 6; 111 10, 22
11, 9 ....... 11, 2
11, 10 ...... 11 513, 9
11, 12. 13 ..... 11, 6
11, 26 ....... 13, 10
11, 26. 32 ..... 12, 3
11, 30 ...... ΙΙ 513, 14
11, 32 ....... 12, 14
12, 1 ....... 13, 25
12, 1-4 ..... 12, 6
12, 4 ....... 121, 5
12, 12 ...... 11 513,16
12,12. 14 ..... 15, 20
12, 14 ...... 11513, 19
12, 17--20 ..... 16, 6
12, 18 ...... 11 513, 22
13, 1 ...... 11 514. 1
13, 7 ...... ΙΙ 514, 7
13, 8 ...... ΙΙ 514, 13
13, 10 ....... 16, 13
13, 14. 15 ..... 16, 22
13, 16 ....... 17, 16
13, 17 ....... 17, 9
14,1 ...... 11 514,18
14, 5 ...... 11 514, 22
14, 6 ...... Π 515, 1
14, 13 . . 11 515, 3, ΙΙΙ 17, 18
14, 14. 20 ..... 471, 20
14, 22. 23 . . 11 515, 16. 22
15, 9 ....... 117, 17
15, 12 ....... 18, 1
15, 13 . 11 516, 3; ΠΙ 117, 19;
15, 18-20 ..... 438, 25
16, 3 . 11 516, 6; 111 46, 17
16, 5 ...... ΙΙ 516, 8
16, 11 ....... 15, 11
17, 4 ....... 410, 5
17, 6 ...... II 516. 14
17, 8 . ΙΙ 516, 16; ΙΠ 18, 21
17, 9 ...... ΙΙ 516, 21
17, 12 . .. . . . . ΙΙ 516, 24
17, 16 ....... 19, 18
17, 17 . . 11 517, 3, 111 20, 15

631

10. 12 Gen. 17, 17. 24 . . . . 27, 19
17, 24 ...... 11 517. 8
17. 33 ....... 42. 20
18,1 ...... 11 369. 5
18'...‚23.....1921
18, 4. 5. . . . . 20, 4
18, 7 ...... 11 517, 11
18,11. . 11292 6, 517. 18,

11’1 20. 9
18, 12 ....... 571, 25
18, 18 ....... 21, 15
18. 15 ....... 21, 21
18,19 ....... 22,
18, 20. 11 517, 15, 111 9418?ss
578, 26, 627 27'
18. 21 ....... 22.13
18. 28 ...... 11 517. 20
18. 30 ...... 11 517 28
18. 32 ....... 23.1
19. 1 ....... 28, 25
19, 8 ....... 24, 6
19, 10 ....... 467,17
19. 11 ....... 24, 18
19, 12 ....... 886, 8
19, 18. 19 ..... 25, 1
10, 24 . 11 524. 9, 111 82, 2
19, 29 . 11 517, 25, 111 25, 12
19, 8ο ..... 25. 19. 28
19,87. . . . .854, 7
19, 87. 88 ..... 896, 10
20. 2 ....... 26, 1
20, 8 ....... 26, 18
20. 6. . . 26, 9,418. 4,
415, 18
2ο, 18 ...... 11 517, 27
21. 2 ...... 11292, 6
21, 5 ....... 121, 7
21, 8 ....... 26, 17
21, 9. 10 ..... 27,’ 20
21, 10 ....... 26, 26
21, 12 ....... 122. 4
21, 18 ....... 27, 7
21, 14 ....... 27, 14
21,15-18 ..... 28,’ 7
21, 19 . . 11 508, 17, 518. 1,
111 29.14
21. 22 ....... 29, 9
21, 22-24 ..... 29. 11
21, 22. 82 ..... 40. 14
21, 23 ...... 11 518. 5
21, 27 ...... 11 518, 6
21, 27-80 ..... 8ο, 11
21. 81 ....... 29, 12

