scriptorum. 635

Gen. 50, 3 . . 33.13; 91.14 1:25. 10 ., ..... 11545. 9
50, 4 ....... 11 539, 19 5, 21 ........ 11 545, 11
50. 5 ........ 90, 2 5, 22. 23 ....... 99. 12
50, 6 ....... 11 539, 21 6ξ 4 ........ 11 545, 18
50, 10 . 11 540,6,111 90, 13, 6, 5 ........ 11 546, 1
91, 3 6, 9 ........ 11546, 5

50,13..... 84,,139οξ25 6,12 ........ 11546,8
50, 15 ....... 11 540, 10 6, 14-28 ....... 99, 20
50, 17 . . 11 540, 15, 551, 9 6.18 ......... 119, 10
50. 18 ....... 11’ 54οξ 20 6, 20 ......... 119,10
50, 22 ........ 121,16 6. 26 ........ 11 546, 11
50, 22. 23 ...... 91, 16 6, 30.11 546,14,111 100, 1
,50, 22, 25 ...... 11819 7. 1. 53, 21, ’,100 7, 149, 25
Εκᾙ15.,....78, 10.19 7,3 ..... 10οξ19ξ557ξ26
1,12 ........ 11541, 2 7. 3. 22 ....... 433, 22
1, ’19 20. . . 92, 21, 296ξ 12 7, 6 ........ 1154617
1, 20., ....... 11’ 541, 5 7, 7 ......... 119, 11
1, 21. .. ...... 11541ξ 3 7, 9. .,11546,20,111 101, 23
1ξ22....,....11541,21 7,10...102,5,11188,22
2, 1. 2 ...... 11 541, 23 7, 10. 11 ...... 11 362, 13
2, 3 ........ 11542. 1 7,11 ........ 11547, 5
2, 12 ......... 93, 20 7. 12. . 11 547, 11, 111 102, 10
2. 14 ........ 11542, 4 7, 15 ........ 11 547, 13
2. 25 ........ 11 542, 8 7, 16 ........ 11 547, 15
3, 2 ......... 94, 9 7,19 ......... 131, 2
3, 4 ......... 94ξ 6 7, 22 . ,. 11 547, 18, 111 103, 14
3, 7 ........ 11 542, 11 8, 1 ........ 11547, 23
3, 8 ......... 94, 11 8, 2 ........ 11548, 5
3, 9 ......... 94ξ 17 8, 3.4 ...... 11548, 8
3,11. 12 ...... 11 542, 13 8, 6. . . .11548, 24, 593, 18
3,14 ........ 11 159. 9 8, 7 ......... 103, 21
3,16. .11 542, 22, 111 481, 21 8,14 ........ 11 549, 8
3. 18 ........ 11 543ξ 1 8ξ 15 ......... 104, 4
3, 22. 11 543, 4,111 94. 20, 8, 16. .. ...... 11 549,10
, , ‚ 112, 25 3.13. . ....... 11 549. 14

4. 1 ........ 11 543, 8 8, 19. 105, 11, 125, 6, 433, 22
4, 4 ........ 11 543, 11 8, 21 ........ 11 549, 23
4, 5 ........ 11 543, 16 8, 21-23 ....... 106, 11
4, 6 ........ 11 543, 24 8, 22 ........ 11 549, 24
4. 8 ........ 11544, 1 8, 25. ., ....... 106, 27
4, 9 ........ 11 544, 5 8, 26 ......... 107. 5
4,10. . 11 544, 9,111 94, 27 8, 29 ........ 11550,1
4, 11 ......... 95, 7 8, 82 ......... 107, 29
4, 12 ......... 95, 16 9ξ 1 ........ 11 550. 5
4,14 ..... 95, 27, 96, 8 9, 3 ......... 11οξ 15
4,15 ....... 96, 15. 23 9, 6 ......... 110,10
4,16. 96, 18, 100, 11, 109, 4 9, 7 ..... - . . . 108, 8
131, 10, 255, 17 9, 8. 9 ....... 108, 19

4,17 ........ 1154411 9ξ16 ..... ,....109, 8
4, 18. 19 ...... 11 544, 16 9, 18. 24 ...... 11 550, 6
4, 20 ......... 98, 20 9,19 ......... 110, 4
4, 24-26 ....... 97. 6 9, 20. 21 ....... 110, 21
5,1-3 ....... 99,1 9ξ22.,....,....110,26

