636 Index

Ει.9,27 ....... 111. 1 Εκ.14,27....’..11555. 6
9, 29. 28 ...... 11550, 9 14, 31 ........ 11 555, 9
9, 30 ......... 111, 3 15, 1 ........ 11 555. 11
10, 1 ..... 111, 10;370, 18 15. 8 ....... -. . 125,15
10, 2 ........ Π 550.14 15,10 ......... 125, 4
10, 4 ........ 11 550, 20 15, 12 ......... 124, 25
18, 8 ........ II 551, 1 15, 22 ........ Π 555, 14
10,12 ......... 112, 6 15, 23 ......... 126. 11
10, 15 ........ II 551, 3 15, 24 ........ 11 555, 16
10.16.17 ...... ΙΙ 551, 6 15, 25 ......... 126,19
10,19. 20,. .- ..... 111, 21 16, 1. . . . . .ΙΙ555, 19
10, 21 . .- ....... 112, 3 16, 2 ........ ΙΙ 555, 22
10, 23 ........ II 551, 10 16, 4 . . 11 555. 25; 111 127, 5
10, 24 ........ II 551, 14 16, 7 ........ 11 556, 4
1-0, 26 ........ 11 551. 21 16, 8 ......... 127, 13
10, 28 ........ II 551, 24 16, 9. 12 ...... 11 556 12
11, 2 . . -ΙΙ 552, 3: ΠΙ 112, 11 16, 12 ......... 128 4
11, 6. 7 ...... 11 552, 6 16. 13 ......... 130, 1
11, 9 . · ....... 113, 9 16, 14 ........ 11 556, 16
12, 3 ........ Π 552, 13 16, 16 ........ 11 556, 21
12, 3—11 ...... 11 236, 10 16, 21 ........ 11 557 4
12, 4 ..11 552, 15:111 113, 18 16, 29 ........ II 557 7
12, 5 ..... 113, 23, 390, 12 16, 33. 34 ....... 128 18
12, 6 ......... 135,12 16, 34 ......... 129 1
12, 7. 8 ...... II 553, 1 16, 35 ..... 129, ὃς 130 9
12. 10 ......... 113, 16 17, 1 ....... 11 557 10
12, 14 ......... 114, 17 17, 2 ........ Π 557, 12
12, 21 22 ...... Π 585, 14 17, 3 ........ ΙΙ 557, 15
12, 22 . . 11 553, 2ος 111 116, 7 17, 5 . . 11 557 17 ΙΠ 130, 27
12, 26. 27 ...... 11 554. 3 17. 9 ......... 131, 11
12, 28 ........ 11 554, 7 17, 15 ........ 11 558, 2
12, 30 ......... 115, 7 18, 1— 5 ....... 98, 22
12, 34 ff) ...... 11 613, 3 18, 12. II 557, 21; ΠΙ 131. 21;
12, 35. 36 ....... 115, 24 158,19
12, 37 ......... 116, 18 18, 13- 26 ....... 420, 28
12, 40 ..... 118, 4; 120, 17 18, 14. 25 . . . . . . . 313, 7
12, 46 ......... 113, 20 18, 15. 16 ....... 132, 6
12, 51 . = ....... 11 554, 10 18, 18 . . 11 558, 6; III 132, 22
13, 1 ........ Π 554, 12 18, 19 ......... 133, 7
13, 2. 12. 13 ..... 482, 5 18. 19. 20. 21 ...... 133, 12
13, 9 ......... 122. 29 18, 20 ........ 11 558, 7
13, 12 ..... 11 554, 13. 17 18, 21 ..... 133,3; 134,14
13. 13 . - ....... 11 554, 21 18, 26 ........ Π 558, 9
13, 15 ........ ῙῙ 555, 1 19, 1— 3 ....... 134, 24
13, 16 ........ 11 555, 3 19,10. 11 ....... 135. 4
13, 17 ......... 123, 12 19,18 ........ II 420, 11
13, 18 ......... 123, 19 19,18 sq ........ 600,11
13, 21 ..... 204, 8, 421, 16 19, 24 ......... 255, 8
14,13 ......... 124, 3 20, 1- 17 ....... 135, 24
14,15 ......... 124, 17 20, 3. 4 ....... 136, 3
14, 16 ......... 124, 21 20, 4 ..... 137, 8; 372, 9
14,2Ο.........336,4 20,4.13.14.15...296.4
14, 21 ......... 131, 3 20. 5 ......... 400, 19

