644

Dent. 9, 4 ..... 11 604, 15
9, 6 ......... 380, 3
9, 7 ......... 380,11
9, 8, ,’ ....... 380, 25
9, 28 ........ 11 604, 20
10,1,2..,...,382,12
10,]-4...·...38Ο,28
10,3.4..,....382,
10, 8. 9 ....... 385,10
10, 20 ......... 32, 14
11, 4 ........ 11 604, 22
11, 6 ........ ΙΙ 605, 3
11, 7 ........ Π 605, 14
11, 9 ........ II 605, 20
11, 13 ........ II 605, 24
11, 14 ........ II 606, 1
11, 16 ........ ΙΙ 606, 9
11, 20 ......... 385, 21
11, 24 ........ ΙΙ 606, 15
11. 25 ........ 11 606, 18
12, 11 ......... 385, 27
12, 13 ......... 469, 6
12, 17 ........ 11 606, 22
12, 29-31 ....... 482, 11
13, 1-3 ....... 386, 1
13, 3. . . . . 30, 20; 379, 24
13, 16 ........ 11 606. 24
14, 3 sqq. ...... 501, 23
14 24 ........ 11607, 1
14,27.28..,·...386,23
15, l ......... 388, 1
15, 6 ..... 11607. 3. 9
15. 7 ........ Π 607,15
15, 7. 8 ...... Π 607, 17
15, 9 ......... 388, 6
15, 12 ......... 38819
15, 17 ........ Π 608, 3
15,19.........388,26
15, 21 ........ ΙΙ 608, 7
16, 2 ......... 390, 10
16, 4 ........ ΙΙ 608, 13
16, 9- 11 ....... 390, 21
17, 1 ........ Π 608,16
17, 5 ........ ΙΙ608, 19
17, 14 ......... 497, 5
17,14.15 ....... 391, 8
17, 15 ........ II 608, 25
17, 16 ........ Ι1608, 22
17, 17 ......... 391, 24
18, 6-8 ....... 392,12
18,10. 11 ....... 392, 30
18, 16 ........ 11609, 1
20, 4 . . Il 609, 4; III 393, 11

Index

20
2 2,
22,
22,
22,
22,
22,
23,

93,

23.
23,
23,

24,
24,

24,
24,
24,
24.
24,

24,
24,
24,
24.
25,
25,
25,

25,
26,
27,

28,
28,

28.

28.
28,

29,
29,
29,
29,

29.

29,
29,
30,
30,
30,
30,
31,
31,
31,
31,,
32,

4 4

Deut. 20. 5- 7 . . . .393, 18
10-17 ....... 437,
5 ......... 394,11
6 ........ 11609, 6
8 ........ 11 609, 8
13-21 ....... 394. 14
22 ......... 403, 21
28. 29 ....... 395, 17
3.........396,3
4 ....... ,. . 397, 5
15. 16 ....... 397, 11
17 ..... 397, 24; 398, 16
18 ......... 398, 4
2. 3 ...... 11 609, 12
3. 4 ....... 395.2
8 ........ ΙΙ 609, 17
9 . . 11 609, 23; ΠΙ 398, 21
10 ......... 399, 15
12 ........ Π 610, 3
12--15 ....... 399, 18
16 ......... 424, 13
18 ......... 400, 15
19 ......... 401, 16
21 ....... ⁴· . 402, 19
1-3 ....... 403, 4
5.....,.,.29·2,9
5. 6 ....... 404, 1
7 ........ ΙΙ 610, 5
14 ......... 407, 8
21 ........ ΙΙ 610,11
14 ......... 407 , 11
48 ........ 11 610, 14
49 ........ Π 610, 22
54. 55 ...... ΙῙ 610, 26
63 ........ 11 611, 12
1 ......... 409, 24
2. 3 ...... ΙΙ 611, 17
2-4 ....... 410, 7
5 ........ Π 272, 20
5. 6 ...... .411, 1
18-20 ....... 411, 13
21 ......... 413, 26
4 ........ Π 611. 22
6 ......... 413, 11
11-14 ....... 413. 16
1213 ...... 11 612, 3
8 ........ Π 612, 9
16 ........ 11 612, 10
27 ........ ΙΙ 612, 13
29 ..... ΙΙ 612, 15, 18
5 ......... 414, 24
6 ........ Π 612, 21

32,

32, 8 ......... 480, 20

