gsspssffiffiffigffiffiffffiaefflffiffifflfflggffl33ae33ae ‚23 &50:325ss Ξ ΣΞ Ξόδόἵο Ξ ²¹⁶ ,Ξ Ξ ἓῖὥῖὥῖὥὲεοεοεοροροφρψ 2:5³

scriptorum.

4, 5 ....... 622, 2
4 ......... 522,13
7, . . . 140, 6, 11 591,16
8 ......... 527, 4
5 ......... 520, 3
6 ........ ΙΙ 193, 7
10 ......... 359, 12
24....,....511,16
25 ......... 529, 16
7 ..... 74. 13; 168, 3
2 ........ Π 249, 3
4. . . 11 574, 16· 591, 15
5 ......... 385,18
6 ......... 598, 24
,29 ......... 623,16
,37 ......... 163,11
,45 ......... 570, 24
, 46 ......... 53, 3
2 ......... 597,19
5........,597,20
,13 ......... 249,12
,17 ......... 325, 2
,17.18. 19. 2 . . .1[319, 10
27 ......... 603. 9
, 30 ......... 603, 11
1 ........ II 470, 2
2 ......... 69, 5
10. . 35,6;83,14; 105, 9
2. 3 ....... 105, 3
14 ......... 607. 17
7. 8 ...... II 338, 9
8 ........ 11 366,17
11 ......... 359,11
3 ........ ΙΙ 627,1
23.. . , , 28, 24
1. ,,84 7; 164, 12· 578, 6
4. 5 ....... 192, 24
9 ........ 11 132,13
15 ........ ΙΙ 302, 17
6 ......... 605, 25
9 ........ 11 30, 17
18 ........ 11 626, 5
6 ........ ΙΙ 490, 28
9. 10 ...... 11 574, 24
13 ......... 586, 5
27 ......... 248, 6
37 ......... 345, 5
13 ......... 81, 22
15 ........ 11 545, 4
5 . . 11 370, 11; 111 415, 7
6 ......... 622, 4
12 ......... 549, 3
3 ......... 477, 26

655

Ps. 43, 3 ...... 11 185, 16
48, 18 ......... 458, 28
43, 24 ........ 11 567, 18
48, 27 ........ 11 565, 3
44, 4 ......... 590, 21
44, 8 ......... 601, 18
48, 18. 117811, 186,16; 208’ 10
49,16. 17 ....... 587, 8
49, 21 ..... 542, 25, 580, 4
50, 5 ......... 586, 24
50, 6 ........ 415, 5. 28
50, 7. . . 274, 11;11181, 16
50, 11 ..... 186, 15; 586, 25
50, 12 ........ 11 303, 4
50, 15 ..... 494, 27, 599, 8
50, 16 ........ 11 574, 16
50, 19 ......... 884, 14
54, 18 ........ 11 123, 26
55, 5. 12 ...... 11 556, 25
55. 7 ......... 82, 1
56. 11 ........ 11 490, 28
58, 10. . . . 624, 8, 11 250, 11
58, 11. 12 ....... 109. 18
61. 2. 8 ....... 624, 9
62, 2 ......... 617, 22
64, 6 ......... 267, 6
64. 10 ......... 74, 21
65, 4 ........ 11 548, 2
65, 18. 14 ....... 286, 6
67, 8 ......... 186, 16
68. 5 ......... 601,18
68, 6 ......... 249, 18
71, 18 ....... ,. . 618, 27
71, 19 ......... 190, 10
72, 2 sqq. ...... 155, 15
72. 2. 8 ....... 627, 4
72,11-14 ....... 627, 6
72,16. 17 ....... 155, 28
72, 17 ........ 11294, 4
72, 26 ......... 88518
72, 27. 28 ....... 194, 22
72, 28 ........ 11 249, 9
78,19 ........ 1120813
77 1 ........ 11 554’ 16
77, 89. 416, 24, 448, 18· 628, 3,
11' 806, 25’

77, 49 ......... 444, 28
80, 11 ......... 95, 22
80, 16 ......... 447, 28
81, 6 ......... 601, 10
81, 8 ........ 11 565, 3
88, 8 ........ 11 809, 21
84, 9 ........ 11 270, 6

