scriptorum.

647

Iud. 11, 29. 487, 23; 498, 4. 7 11 Reg. 5,13 ..... 391, 27
11, 29. 30 ....... 486, 13 12,13 ......... 416,18
11, 30. 31 . . 481, 11; 484, 1ος 21,1-8 ....... 431.1

498, 25 24 .......... 177, 23
11, 33. 34 ....... 488, 1 ΙΙΙ Reg. 2, 29 ..... 506, 11
11, 34 ........ ΙΙ 627. 3 3, 4-15 ....... 469, 22
11, 35 ..... 485, 17, 499, 4 3, 5-15 ...... 11 401, 7
11, 36-39 ....... 485, 18 3, 38 ......... 256, 19
11, 39 ......... 481, 10 4, 34 ......... 435, 9
11, 39. 40 . . . . . . . 500, 23 10, 22 ......... 439. 6
12, 4-6 ....... 501, 7 10, 26 ......... 439,17
12, 7 ..... 497, 17; 501, 16 11, 1-6 ....... 392, 7
13, 1 ......... 503, 23 11, 4 ........ 11 377, 22
13, 2 ........ 11 627, 9 12, 28-30 ....... 286, 20
13, 4 ......... 501, 20 16, 34. . · ...... 435, 19
13, 5 ......... 502, 21 17, 6 ......... 128, 12
13, 6 ......... 501, 28 17, 16 ........ ΙΙ 239, 9
13, 7 . . . . - ..... 502, 19 18, 24 ......... 73, 13
13, 8 ........ Π 627, 11 18, 30-38 ....... 469, 17
13, 16 ..... 503, 12; 505, 5 18, 36-39 ....... 286, 25
13, 16. 15 ....... 503, 5 18, 43. 44 ...... ΙΙ 492, 27
13, 19-22 ....... 504, 5 19, 8 ..11 239, 33111 88, 21
13, 20. 21 . . . . · . . 503, 26 19,14. 18 ....... 514,19
13,22. , . . . . . . . 503, 27 2Ο(21),10. 13 ..... 463, 24
13,23.,..,....504,28 IVReg. 2,.11 ..11.274,12
14, 10 ......... 46, 12 2,15 ......... 328, 20
15, 8 . . 11 627, 153 ΠΙ 505, 11 6, 18 ......... 24, 25
15, 10 ........ 11 627, 19 20, 6 ........ ΙΙ 191, 20
15, 12. . 11 627, 22, ΠΙ 506, 5 25, 8. 9 ....... 66, 27
15, 13. 14 ...... ΙΙ 627, 24 Ι Paralip. 1, 2 . . . ,396, 13
15, 14 ........ ΙΙ 628, 3 4,1 ......... 13, 19
15, 15 ........ Π 628, 9 11Para1ip. 14, 9-14. .331, 6
16, 2 ........ 11 628,12 22,11 ......... 480, 1
16, 7 ..... 11628. 14, 17 Iob 1, 3 ....... 509, 4
16,9 ........ 1162820 1,4......·...509,5
16, 10 ........ 11 629, 1 1, 5 ....... 509, 7.11
16, 11 ..... Π 629, 3. 5 1, 6 ....... 509, 13. 16
16, 15 ........ Π 629, 8 1, 7 ......... 509, 18
16, 26 ........ II 629, 11 1,11 ......... 510, l
19, 10 ......... 454, 15 1,12 ......... 510, 5
Ruth. 1, 22 ...... 396, 6 1,15 ......... 510, 6
4.13-17 ....... 405, 5 1, 20 ......... 301, 27
Ι Reg. 2,18 ..... 473,15 1, 21 ......... 510, 10
2, 25 ......... 415, 9 2, 6. . . 510, 133 11 527, 21
6, 4sqq. ...... 461, 9 2, 8 ......... 510, 14
8, 7 ......... 391, 16 3, 3 ......... 510, 17
10,1 ......... 497, 4 3, 4 ..... 510, 18. 20. 22
18, 27 ......... 479. 25 3, 5 ......... 510, 23
19, 20-23 ....... 488, 19 3, 6 ....... 511, 3. 6
20, 19 ......... 281, 25 3. 7 ......... 511, 5
21, 10 ......... 397, 20 3, 8 ......... 511, 10
24, 15 ......... 472, 7 3, 9 ......... 511, 11
25, 22. 33 ....... 431, 9 3, 10 ......... 511, 14

