scriptorunu 651
Iob 20, 2 ....... 550, 10 Iob 22, 23 ....... 556, 2
20. 3 ......... 550, 12 22. 24 ......... 556, 4
20. 4 ......... 550,16 22, 29 ....... 556, 6. 7
20, 9 ......... 550, 18 22 30 ......... 556, 8
20,10 ....... 550, 19. 21 23. 2 ....... 556,11.12
20, 11 ......... 550, 22 23, 3 ......... 556, 14
20, 12 ......... 550, 23 23, 5 ....... 556, 17. 19
20, 13 ....... 551, 1. 3 23, 6. . . . 556, 20. 21. 23
20, 14 ....... 551, 4. 5 23, 7 ....... 557, 1. 2
20, 15 ....... 551, 7. 8 23, 8 ......... 557. 3
20, 16 ....... 551, 10. 12 23, 9 ....... 557, 7. 10
20. 17 ....... 551, 13. 15 23, 10 ....... 557, 12. 13
20, 18 ....... 551, 17. 21 23, 11 ......... 557, 14
20, 20 ......... 551, 23 23, 13 ......... 557, 15
20 21 ......... 552, 1 23, 14 ....... 557, 17. 18
20, 22 ......... 552, 2 28, 15 ..... 557, 20; 560, 22
20, 23. ,., . . . . .552, 4. 8 23, 16 ......... 557, 22
20, 24 ......... 552, 9 24, 1 ......... 558, 1
20, 25 ....... 552, 10. 13 24, 2 ......... 558, 2
20, 26 ......... 552, 14 24, 4 ....... 558, 3. 6
20, 27 ......... 552, 16 24, 5 . . . . 558, 10. 12. 14
20, 29 ......... 552, 17 24, 6 .......... > 58, 22
21, 2 ......... 552, 19 24, 8 ......... 559, 1
21, 4 ....... 552, 24. 26 24, 9 ....... 559, 2. 4
21, 5 ......... 553, 1 24. 11 ......... 559, b
21, 6 ....... 553, 2. 4 24,12 ....... 559, 7. 8
21, 7 ......... 553, 5 24, 13 ......... 559, 9
21, 11 ......... 553, 7 24, 14 ....... 559, 12. 13
21,16.........553. 9 24,15 ......... 559,14
21, 17 ......... 553, 10 24, 16 ......... 559, 18
21, 19 . . . . . . . . . 553, 12 24, 16.17 ..... 559, 19. 20
21, 20 ......... 553, 14 24, 18. . 559, 22. 26; 560, 1
21, 21 ....... 553, 16. 18 24, 19 ......... 560, 3
21, 22 ......... 553, 21 24, 20 ....... 560, 4. ,5
21, 23 ......... 553, 24 24, 21 ......... 560, 7
21, 24 ....... 554, 4. 4 24, 22 ......... 560, 8
21, 27 ......... 554, 7 24, 23 ....... 560, 10. 12
21, 28 ....... 554, 8. 11 24, 24 ....... 560, 13. 15
21, 29 ....... 554, 12. 13 24, 25 ......... 560, 18
21,31.........554,16 25,1 ......... 560,20
21, 32 ....... 554, 18. 20 25, 3. . . . . ,560, 23. 24
21, 33 ....... 554, 21. 23 25, 4. . . . 560, 26; 561, 2
21, 34 ......... 555, 1 25, 5 ....... 561, 3.18
22,2 ......... 555,4 26,2........-.561,20
22, 4 ......... 555, 8 26, 5 ....... 562, 2. 9
22, 11 ....... 555, 9. 10 26, 6 ......... 562, 11
22, 13 ......... 555, 11 26, 7 ....... 562, 12. 15
22. 14 ....... 555, 12. 13 26, 8 ....... 562, 16. 17
22, 15 ......... 555, 14 26, 9 ....... 562, 20. 21
22, 16 ..... 555, 16, 556, 5 26,10. . . ,. . . ,562, 22. 23
22, 18 ......... 555, 19 26, 11. . .. ...... 563. 2
22,19 ....... 555, 23. 24 26, 12 ....... 563, 4. 11
22, 21 ......... 556, 1 26, 13 ....... 563, 12. 14

