scriptorum.

Num. 23, 6 ...... 359, 5
23, 11 ........ 11 594, 5
23, 12 ........ 11 594, 8
23, 13 ........ Π 594. 10
24, 25 ......... 367, 18
25, 1-3 ....... 359,19
25, 4 . . 11 594, 12; 111 359, 17
25, 15 ........ 11 594, 17
26, 1. 2 ...... 11 594, 22
27, 13. 14 ....... 360, 26
27,18.19.......361,22
27, 20 ......... 362, 5
27, 20. 21 ...... ῙῙ 595, 1
27, 22 ........ 11 595, 4
27, 23 ........ 11 595, 9
28, 13 ........ 11 595, 12
28, 16. 17 ...... 11 595, 16
29, 1 ........ 11 595, 21
29, 2 ..... 11 596. 1. 4
29, 4 ........ 11 596, 7
29, 7 ..... 363, 17: 365, 26
29, 39 ........ 11 596. 9
30. 3. . 11 596, 19; 111 362. 16
30, 4 . . . 236, 9; 11596. 21
30. 4-6 ....... 362, 24
30, 5. . 11596.26;597. 1. 3
30, 6 ......... 363,18
30, 7 ..... 11 597, 6. 8
30, 7-9 ....... 363, 24
30, 10 ......... 364, 17
30, 11—- 16 ....... 364, 23
30, 13 ........ 11 597, 10
31, 4 ........ 11 597, 16
31,6.........367.8
31, 8 . . ΙΙ 598, 19; 111 367, 14
31, 9 ......... 368, 6
31. 10 ..... 11 597. 21. 23
31, 15. 16 ....... 368. 21
31, 17.18 ....... 396, 29
31, 18 ........ 11 597, 25
31, 29 ........ 11598. 1
31, 35 ........ 11 598, 3
31, 54 ........ 11 598, 8
32. 1 ..... 11 598, 16. 19
32, 2 ........ 11' 598. 25
32, 5 ........ 11 599, 1
32.11. 12 ...... Π 599. 3
32. 13 ........ 11 599, 7
32, 16 ........ 11 599, 10
32, 24 ........ 11 599, 12
32, 26. 27 ...... 11 599, 15
32, 28 ........ 11 599. 20
32, 30 ........ II 600, 4

41*

643
Num. 32, 33 ..... 11 600, 7
33, 14 ........ 11 600, 9
33, 51 ........ 11 600, 11
33, 52 ........ II 600, 13
34, 6 ........ ΙΙ 600, 15
34, 7 ........ 1¹ 600. 17
35, 3 ........ 11 600, 19
35, 11 ........ 11 600, 21
35, 12 ......... 369, 6
35, 15 ........ 11 600, 23
35, 19 ......... 369. 17
Deut.1,7. . . . . ,11601. 4
1. 17 ........ 11 601, 6
1. 29. 30 ....... 370, 9
1, 35. 36 ...... 11 601, 9
l. 39 ......... 380, 7
2, 7 ........ Π 601, 14
2, 24 ........ 11 601. 17
2, 30 ......... 370, 13
3,11 ......... 371, 3
4. 5.14 ...... II 602, 6
4, 7 ........ 11 601. 21
4,12 ........ Π 602, 3
4,16 ......... 371, 11
4, 17 ......... 372. 18
4, 18 ......... 372, 22
4,19 ......... 373, 4
4, 20 . . II 602, 8; III 426, 12
4, 22 ........ 11 602, 12
4, 23 ......... 373, 18
4, 25 ........ 11 602. 15
4, 29 ........ 11 602, 18
4, 32 . . 11 602, 23; ΠΙ 873, 26
4, 33 ..... 374, 9; 375, 10
4, 34 ..... 11 603, 1. 7
5, 2-4 ....... 374,18
5, 5 ......... 376,12
5, 5. 6 ...... 11603, 10
5, 6 ......... 377, 9
5,14 ........ 11 603, 15
5,15 ........ 11 603, 18
5, 24 ......... 378, 3
5,29. . . . . . . . ,378,18
6. 12 ........ Π 603, 26
6, 13 . 32, 14, 294, 10; 379, 11
6, 16 . 33, 20; 487, 1ος 488, 10
6, 20 ........ 11 604, 3
7, 1 ........ 11 604, 5
7, 1--3 ....... 438, 8
7, 2 ........ 11 604, 7
7, 3. 4 . . . . ,ΙΙ 604. 9
8, 2 ......... 379, 19
9, 1 ........ 11 604,13

