630 Index

Gen. 2. 2. . 110. 63119. 23 Gen. 3. 14. 15 . . .11370, 19

164, 15, 227, 12 3, 15 ...... 11 506, 22

2, 4. 5 . 11 140, 23, 155, 15, 3, 16 ...... 11 371, 24
166, 26, 172. 25, 3, 17 ...... 11 509. 5

227. 1 3,17-19 . . . .11373, 1

2, 4-6 ..... 11 137, 2 3, 16 . , 11 63, 22, 246, 10
2. 5. . 11 147, 26, 227, 5, 3,19. . 11306,6,111443,5
507, 17 3. 20 ...... 11 373. 15

2, 6. , 11 149, 5,150, 3, 3, 21 ...... 11 373, 21
154, 17, 155, 21, 3, 22 . . 11 374, 6, 451, 30

169,19 3, 2223 . . . .11374,23

2, 7. . 11 170. 2,164,23,· 3. 24. . . . 11 375. 13,16
200, 23, 213, 26, 4, 1. 2. 25 . . . 11 260, 16

306, 7,442, 37, 4. 1. 17. 25 . . . .299‚20

111 7, 20, 604, 12 4, 2 ...... 11 509, 13

2, 6 . 11229, 2, 233, 24, 4. 6 ...... 1150915
507, 19, 111 45, 9 4, 17 ....... 4, 5

2, 6. 9 . 11 144, 21, 173, 16 5, 4 ....... 4,14
2, 9 , . 11 173, 20, 226, 11, 5. 24 ...... 11 274,19
234, 5, 235, 12, 5, 27 ....... 4, 20

507, 21 6, 2 ....... 5,17
2,-1014....11240,15 6,3.11,,10 6921125 6
2, 15. . 11 246, 10, 250, 24 6, 4 ....... 5. 1
2,15-“-17....11242,14 6,.67.... .1150,920
2. 16 ...... 11 506, 5 6.14 ...... 11 509, 24
2,16.17, 11251, ,1, 257, 6, 6,15. . . . 5, 23, 6, 5
265,23 6,16..115101111612

2, 17 ,,,,,, 11 276, 11 6, 21 ....... 6, 22
2, 16 ...... 11 269, 24 7, 4 . 11 510. 4.15
2,16-22 . . . .11 174, 22 7, 5 ,,,,,, 11510,11
2,16-24 . . . .11267. 20 7, 6 ....... 7, 6
2,19. . 11226, 15; 264. 26 7, 9 ....... 710
2,1..92223.. 1136412 7,14 ...... 11511, 3
2,22 ...... 11264,12 7,15.... 7,,17 336. 2
2,23 ...... 11296,20 7,20..1163,,25’1117,23
2,..2324,, 11294, 6 7,23....1151’,1 11.14
2..24 .11 4,1,172,’,10 7,24 ....... 6,3
23613 6,1.2.,....6.9

2,.24 21 ..... 43, 2 6, 6.7, .11511,19
3, 1 ...... 11 506, 11 6, 6-6 , . 6,22
3,1-3 .,1136220 6,9 ....... 9,3
3, 1-24 . . , ,1133210 6. 9.11 . . . 11511, 24
3,4.5..,..11363,11 6,12 ...... 11512 4
3,6 ...... 11363.19 6.21. .,.,11512691119,9
3, 7, . 11 364. 3; 506. 14 6. 22 ....... 9,14
3,6.. 11256, 4,267,5 9,5.1151211111916
367, 1 9. 9 ....... 410, 6

3,6.23 .....522,11 9,’12 ...... 1151214
3, 9 ...... 11 366, 3 9, 25 ....... 60. 6
,3, 10 ...... 11 366. 13 9, 25-27 ..... 9, 21
3,11 ...... 11 36912 10, 6 ....... 10, 1
3,12. . 11 369. 17, 451, 22 10. 9 ...... 11 512. 17

3, 13 ...... 11 370. 6 10.14 ...... 11 512, 20

