642
Num. 11, 25 ..... 11 586, 6
11, 33 ........ 11 586, 11
12, 1 ......... 331, 3
12, 3 ........ 11 586, 14
12, 6-8 ...... 11421,18
12, 8 ........ 11 420, 7
12 9 ........ 1158615
12,10 ........ 11 586, 17
13, 17 ..... 160, 21, 255, 13
13, 18. 19-26 ..... 331, 11
13. 20 ........ 11 586, 19
13. 25. 24 ...... 11 586, 21
13, 32 ........ 11 587, 1
13,.,,33...332411587, 3
14, 7 ........ 11 587’ 8
14, 9 ......... 332, 9
14, 10 ........ 11 587,10
14,11 ........ 11587,13
14, 24 ..... 11587,15.18
14, 26 ........ 11 587, 20
14, 29 ........ 11 587, 24
14, 31 ........ 11 588, 1
14, 35 ........ 11 588, 9
15, 18 ........ 11 588, 13
15, 24-29 ....... 332, 23
15, 27. 28 ...... 11 588, 14
15, 30 ........ 11 589, 12
15, 30. 31 ....... 333. 14
15, 35 ........ 11 589, 15
16, 12. 13 ....... 335, 8
16, 13. 14 ....... 335, 10
16, 17 ........ 11 589, 19
16,· 20. 21 ....... 335, 28
16, 30 ......... 336, 23
16, 31. 32 ....... 338,11
16, 33. ,11 589,2ο, 111337, 9
16, 34 ........ 11 589, 22
16, 36-38 ....... 337, 27
16 37 ........ 11 589, 25
16, 39. 40 ....... 338, 16
17, 8. . . 11292, 4, 590. 6,
111 339,13, 393, 5
18, 1 ......... 339, 27
18, 6 ........ 11 590, 8
18, 12 ........ 11 591.5
18, 13 ......... 340, 8
19, 1. 2 . . . 340, 27, 341, 30
19, 2 ........ 11 591, 24
19, 3. 4 ....... 343, 9
19, 3-12 ....... 83, 26
19, 5 ......... 343, 26
19, 6 ......... 34411
19, 7. . 11 592, 1,111344, 20

Index

Num. 19, 9 . . . . ΙΙ 592, 3,
1H2u33L15
19, 9. 11 ....... 340, 21
19, 10 ..... 345, 21, 346, 7
19,11.12 ....... 346,22 -
19,12.13 ....... 347, 2
19,13 ......... 347,16
19, 15 ........ ΙΙ 592, 5
1216 ......... {Ma 4
19,17-19 ....... 347,25
19, 21. 22 ....... 348, 25
20, 9 ........ 11 592, 7
20,10.11 ....... 330, 5
20, 11 ,,,,, 349, 13, 470, 5
20, 12 . 11 592, 9; 111 330. 20,
360, 28
20,13 ......... 349,23
20,15 ........ 11 592,14
2Ο,17 ......... 350. 8
2Ο,17 19 ....... 350, 4
20, 18 ........ 11 592. 16
20, 19 ........ 11 592, 20
m),24 ......... 35111
20, 26-29 ....... 304,19
20, 29 ..... Π 593,1.8
2L 2 ......... 3fflJ,16
21, 3 ......... 350, 25
21, 5 ........ 11 593. 13
21, 7 ........ 11 593, 17
21, 9 ........ Π 593, 20
21, 11 ........ Π 594, 1
21. 13. 14. 15 ..... 351. 10
21, 16 ......... 352, 16
21, 21-23 ....... 353, 3
21, 24. 25 ....... 352, 22
21, 27 ......... 353, 12
21, 27-30 ....... 353. 17
22, 2—— 6.. . 63. 6; 353, 25
22 4 ......... 2ffi4. 5
22, 7 ......... ffi½.11
22. 9 ......... fflu. ΠΒ
22, 12 ......... 355.11
22,13 ......... 35222
22,18 ......... 355, 6
22,19 ......... 355,19
22. 20. 21 ....... 355, 26
22, 22 ....... 356, 7.24
2223 ........ 11 594, 3
22, 23-27 ....... 356, 9
22, 23. 24 ....... 357, 24
22. 25-27 ....... 358,
22, 27-29 ....... 358,22
22, 28 . . . 11 292, 7, 362, 11

