634 Index

Gen.4l‚ 11 . . . .11 530, 4 Gen. 44. 29 . . . ..1142914

41. 13 ...... 11 530, 8 44, 34 ...... 11535. 19
41, 19 ...... 11 530, 12 45, 2. 3 . . . 11 530, 2
41, 21 ...... 11 530, 10 55, 0. . . 7’8, 2,7 118,17
41, 25 ...... 11 530, 18 45, 7 ....... 70, 11
41, 20 . .11 330, 5, 111 288, 27 45, 10 ...... 11 530, 0
41, 30 . 11 530, 20, 111 00, 10 45, 10-20 ..... 81, 3
41, 33. 34 . . . . 11 530, 22 40, 2 ...... 11 530, 13
41, 35 ...... 11531, 1 40, 4 ...... 11 530, 15
41,38...,09,17,125,10 40, 0,7..... 77,1
41, 40 ...... 11531, 3 40, 11 ....... 119. 8
.41, 44 ...... 1153110 40, 15. . . . 77, 22, 92, 0
41, 45 ..... 70, 3. 8 40, 15 sqq ...... 77, 11
41, 40. 03, 24, 07, 25, 118, 15 40, 20 ....... 77, 10
41, 40 ....... 71,14 40, 20. 27 ..... 78,’ 10
41, 50 ..... 78, 10. 28 40, 27 ....... 01, 21
42, 1 ....... 140,15 40, 27. 21. 22 . . , . 70, 14
42,1.2,....11531,14 40,28 ...... 11536’19
¹ 42. 2 ...... 11 531, 10 40, 31. 32 . . . . 11 530, 23
»42, 0 ....... 71,122 40, 32-34 ..... 79, 25
’42, 0. 14 ..... 295, 10 40, 34 . . . . 80, 21, 107, 24
42, 11 ...... 11531, 22 47, 4,. . . . . 82, 8. 22
42, 13 ...... 11531, 20 47, 5.0. . . . . . 80,21»
42, 14 ...... 11532, 0 47, 8 ...... 11 537, 5
42, 15 ....... 72, 12 47, 0 . ,11 537, 7, 111 03, 27,
42, 10 ....... 72, 17 81, 12. 24, 121, 12
42, 10 ...... 11 532, 12 47, 11 ....... 82, 5·
42, 22 ...... 11 532, 15 47, 12 . 11 537, 13, 111 82, 0
42, 23 . 11 532, 18, 111 73, 19 47, 13 ...... 11 537. 10
42, 24 ....... 73, 27 47, 14 ....... 82, 14
42, 32 ...... 11 532, 23 47, 15 ...... 11 537, 19
42, 34 ...... 11 533, 10 47, 10 ....... 82, 17
42, 35 ...... 11 533, 15 47, 20 ..... 11 537, 22
42, 30 ...... 11 533, 18 47, 22 ...... 11 538, 1
42, 38 ....... 74, ,1 47, 20 ...... 11 538, 4
42, 44 ....... 490, 11 47, 28. -. .,78 25,11 538,11
43, 2 ...... 11533, 20 47, 29. . . . 35.' 6; 83, 4
43, 0 ...... 11 533, 22 47, 30 ....... 83, 20
43, 7 ....... 110, 23 47, 31 ....... 84, 25
43, 15 ...... 11 533. 25 48, 1 ...... 11 538, 14
43, 17 ...... 11 534, 4 48, 4 ....... 85, 25
43,20 ...... 11534,9 48. 5.6......86.2
43, 22. 11534, 12,111 74, 7 48, 7 ....... 80, 21
43,27, ..... 11534,10 48,14-18 . ,. . . . 80, 28
43, 31 ...... 11 534, 20 48, 10 ...... 11 538, 25
43, 33 . 11 534, 24, 111 74, 10 48, 18 ...... 11 539, 3
44 ........ 75, 19 48, 19 ....... 87, 2
44, 4.5.,....295,19 48,22 ....... 87,11
44, 0.7.....11535,1 49.5 ....... 87,23
44, 7 ...... 11 535, 11 49, 17 ....... 442. 12
44. 9 ...... 11 535 15 40 24 ...... 11 530 5
44,15 ....... 74 28 49 33 ....... 88 2

