662
1 Cor. 1, 31 ...... 561, 17
2, 8 ..... 192, 26; 494, 5
2, 9 ......... 586, 16
2, 11 ......... 549, 27
2, 11. 12 ....... 328, 7
2, 15 . . . . 600, 4; 11 417, 9
2, 16 ......... 524, 10
3, 1 ......... 511, 8
3, 2 ..... 26, 23; 154, 3
3, 7 . . . 11 149, 2; 243, 20;
287, 9; 293, 26
3, 14 ......... 612, 15
3, 15 ......... 427, 21
4, 3. 4 . . . . . . . 528, 11
4, 5 ....... , . . 612, 9
4, 7 ......... 131, 20
5, 12. 13 ....... 398, 24
6, 3 ........ Π 355, 8
6, 4 ......... 577,19
6,18 ......... 242, 1
7, 3. 4 ....... 366, 7
7, 37. 38 ....... 363, 9
8, 5 ..... 53, 23; 150, 2
8, 6 ......... 442, 24
9, 9 ......... 152, 2
10, 4.. . 180, 22; 289, 2;
349, 14, 447, 15; 625, 3;
11 235, 23’; 529. 16
10, 6 9 ....... 380, 21
10, ........ 11 564, 26
10, 11 ........ ΙΙ 3,15
10, 18 ......... 180,16
11, 3. ,ΙΙ 462, 8; ΠΙ 497, 12
11, 7. '11 89, 5; 377, 6; 502, 1
11, 22 ......... 289, 19
12, 6 ......... 490, 3
12, 10 ........ ΙΙ 398, 18
12, 12 ........ II 356, 25
12, 12. 25 . . . . . . . 424, 22
12, 17 ......... 602, 6
12, 31 ........ 11 11, 7
13, 5. 4 ...... 11347, 25
13, 8 ......... 612, 1

13, 12. 375, 26; 446, 17; 587, 11;
592, 4;1'1422, 19

14, 14. 2. 16. 6 . . . Π 390, 6
14, 15 . . . . Π 392, 3; 417. 11
14, 20 ........ 11 27, 10
14, 35 ........ II 257, 16
15, 5 ......... 59, 27
15, 6 ......... 569, 23
15, 20 ......... 603, 27

15. 22 . II 198,11; 254,15; 316, 27

Index

I Cor. 15, 36-38 , . . Π 164. 4
15, 41 ........ Π 58, 14
15, 44 ........ 11 389, 3
15, 44-49 ...... Π 193, 15
15, 45 ........ Π 194, 13
15, 46 ......... 39, 6
15, 50. 54 · ...... 523, 9
15, 51. 52 ....... 612, 23
15, 52, . 11 135, 21; ΙΠ 594, 10
15, 53 . . . ΙΙ 194, 10; 434, 12
15, 53. 54 ....... 494, 12
15, 54. 24 ....... 500, 4
15, 55 ......... 589, 16
ΙΙ Cor. 1, 12 ...... 620, 24
2, 7 ........ 11 429, 18
2, 11 ......... 623, 26
2, 15 ......... 104, 18
2, 16 ..... 589, 27; 595, 22
3, 3 ......... 199, 3
3, 3. 6 ....... 379, 8
3, 6 ......... 126, 8
3,16 ......... 612, 7
4, 7 ......... 489, 28
4, 16 ......... 540, 7
5, 4 ..... 530, 18; 544. 24
5, 6 . ,81,2ος446, 9;587, 5
5, 6. 7 ...... 11⁹ 422, 24
5, 10 ........ 11 223, 23
5, 13. 14 ....... 624, 19
5, 14 ......... 625, 2
5, 17 ......... 389, 20
5, 2.Ο , . - ..... 618,18
5, 21 ......... 321, 7
6,10 ......... 572, 6
6,14 ........ Π473, 9
6,16 ......... 158,1
7, 5 ......... 575, 15
10, 5 ......... 619,1
10, 17 ..... 189, 24; 579, 1;

11 341, 23
11, 2 ......... 500, 2
11, 14 ........ Π 398,14
11, 15 ......... 610, 15
11, 29 ..... 563, 9ς 575, 16
12, 2 ........ 11 383, 8
12, 2-4. . Π 379, 14, 432, 10
12, 3 ........ ΙΙ 422. 10
12, 7 ..... 453, 27; 498, 19
12, 7. 8 ....... 11 81, 8
12, 9. . 11 81, 11; 111 601,1
13, 4 ......... 591, 12
Gal. 1, 9 ....... 350, 21
2,11 ......... 563, 4

