650

lob 14. 10 ....... 533,
14, 11 ......... 533,
14. 12 ......... 539,
14, 13 ....... 539, 6.
14, 14 ....... 539, 11.
14, 15 ......... 539.
14,17 ....... 539, 15.
14,13 ....... 539, 13
14, 19 ....... 539, 20.
14, 20. 539, 26; 540,
14,21Ῐ.....’,..’540,
14, 22 ......... 540,
15, 2 ......... 540,
15, 4 ......... 540,
15, 7 ....... 540, 14.
15.10 ......... 540,
15, 12 ......... 540,
15, 14 ......... 540,
15, 15 ....... 540, 22.
15, 13 ......... 540,
15, 19 ....... 541,1,
15, 21 ......... 541,
15,22....,..,.541,
15. 23 ......... 541,
15, 24 ......... 541,
15, 25 ......... 541,
15. 26 ....... 541, 10.
15, 27 ....... 541, 12.
15, 23 ......... 541,
15, 29 ....... 541, 19.
15, 30 ......... 541,
15, 32 ......... 541,
15, 33 ......... 541,
15, 34 ..... 541, 25; 542,
15, 35 ......... 542,
16, 2 ....... 542, 5.
16, 3 ....... 542, 3.
16, 4 ....... 542, 11.
16, 6 ......... 542,
16, 7 ......... 542,
16, 7. 3 ....... 542,
16, 3 ....... 542, 23.
16, 9. . 542, 26, 543, 2.
16, 10 ....... 543, 6.
16, 12 ..... 543, 13. 15.
16, 13 ....... 543, 19.
16, 14 ......... 543.
16. 15 ......... 543,
16, 16 ......... 544,
16,13,..,,,..544, 2.
16, 19 ....... 544, 9.

16,21 ....... 544, 12,
16,22 ....... 544, 17.

Index

24
25

5

8
13
13
16
19
23

1

3
4

9
12
16
18
19
21
24
27

Φωσοὶπωμ·

11
14
16
20
21
22
23

1

3

6
10
12
14
19
21
24

3
11
17
21
23
24

1

8
11
15
19

Iob 17. 1 ..... 544, 21. 22
17, 2 ......... 544, 27
17, 3 ....... 545, 1. 3. 5
17. 4 ....... 545, 7. 3
17, 5 ....... 545, 10. 15
17, 6 ....... 545, 18. 20
17, 7 ....... 545, 22. 24
17, 3 ..... 545, 26, 546, 2
17, 9 ......... 546, 4
17, 10 ......... 546. 6
17, 11 ......... 546, 7
17. 12 ......... 546, 9
17, 13 ......... 546, 12
17, 14 ....... 546, 13. 14
17, 15 ....... 546, 16. 17
13, 5 ......... 546, 19
13. 6 ....... 546, 21. 23
13, 7 ......... 546, 24
13, 3 ......... 547, 1
13, 9 ........ ,547, 3
13. 10 ......... 547, 4
13, 10. 11 ....... 547, 6
13, 11 ......... 547. 7
13, 13 ......... 547, 9
13, 14 ....... 547, 10. 11
13, 15 ....... 547, 15. 13
13, 16 ......... 547. 19
13, 17 ......... 547, 20
13,19. . . . 547, ,21. 23. 24
19, 2 ......... 543. 1
19, 3. . ...... 543, 2
19, 6 ......... 543, 4
19, 7 ......... 543, 6
19, 3 ......... 543, 3
19, 9 ......... 54310
19. 10 ......... 543, 12
19, 11 ......... 543, 14
19. 12 ......... 543, 16
19, 13 ....... 543, 17, 20
19, 14 ......... 543, 22
19, 15 ......... 543, 24
19, 16 ......... 549, 1
19, 16. 17 ....... 549, 2
19, 17 ......... 549, 5
19, 19 ......... 549, 6
19, 20 ....... 549, 7. 10
19, 21 ....... 54912. 14
19, 22 ....... 549,17. 19
19. 24 ....... 549, 20. 22
19, 25 ......... 549, 24
19, 27. . ,,549 25. 26; 550, 1
19. 23 ....... 550, 3. 5
19, 29 ......... 550, 6

