scriptorum. 645

Dent. 32, 14 ..... ΙΙ 612, 25 Deut. 10, 17 ..... 11 617,16
32, 20. . . . , . . ,ΙΙ 613, 5 10, 25 ........ 11617, 19
32, 36 ........ ῙΙ 613, 7 11,14, 15 . . . . . , ,432,· 23
32, 37 ........ ΙΙ 613. 13 11, 19 ......... 433, 7
32, 40 ........ II 613. 1511, 19. 20 ...... 11 617, 22
32, 43 ........ 11 613, 17 11, 20 ..... 433,17;436. 2
32, 48-52 ....... 419,13 13, 1-3 ....... 457. 1
33, 1-5 ....... 416, 28 14, 6. . . , , ,ΙΙ 617, 26
33, 17 ......... 419, 5 151314 ....... 454, 4
34, 4. ·’3 ....... 419, 13 15, 16 ......... 450, 27
Ios. 1, 5 ........ 419,11 15,18 ......... 452, 2
1, 11 ......... 419. 23 15, 63 ......... 454, 14

1, 14 ........ 11 613, 22 16, 10 ......... 434, 22

2, 3-6 ....... 420,17, 12 14 ....... 456, 8

2. 4 ......... 296,13 17, 13 ,,,,, 448, 17; 455, 18

3, 3. 4 ....... 421, 5 17,16 ........ ΙΙ 618, 1

3, 4 ,,,,,,,, 11 614,1 18, 28 ..... 432, 9; 454, 14

3, 7 ,,,,,,,,, 420, 21 19, 33. 34 ...... ΙΙ 618, 8

3, 15 ......... 421, 20 19, 47 ......... 455, 24

4, 7 ......... 421, 26 19, 48 ..... 435, 24; 442, 1

4, 9 ........ 11 614. 20 20, 9 ........ II 618, 15

4. 15 ......... 422, 4 21, 2 ........ 11 618, 23

5, 2 ......... 422, 13 21, 20 ......... 436, 3

5, 2. 3 ....... 447, 17 21, 42 ........ 11 618, 27

5, 3-7 ....... 422, 21 21, 43 ......... 453, 8

’3. 13 ........ 11 614, 3 21, 43-45 . . . 436, 12; 440, 20

5, 13. 14 ....... 423, 23 21, 44 ......... 441, 27

5,15 ......... 423, 26 22, 7 ........ ΙΙ 619, 3

6, 1 ........ 11 614, 9 22, 7. 8 ...... 11 619. 8

6, 2 ........ 11 614, 13 22, 10 ........ II 619, 15

6, 8. 9 ....... 114, 27 22, 11 ........ II 619, 18

6, 25 ..ΙΙ 614, 203 111 296, 13 22, 27 ........ 11 619,20;

6, 26 ......... 435, 14 111 442, 19

7 .......... 424, 3 22, 30 ........ ΙΙ 619, 24

7, 11 ........ ΙΙ 613, 14 23, 1 ........ ΙΙ 620, 5

7, 12 ......... 448, 20 23, 14 ......... 443, 1

7. 1ε ··········· 427, ν) 24. 3 ········· 443, 26

7,15. 25 .. . . , , 426,1 24, 7 ........ Π620, 10

8, 1. 2 ...... Ii 615 , 19 24, 11 ......... 444. 7

8, 2 ......... 428, 17 24, 12 ......... 444.17

8. 4-8 ....... 429, 4 24, 15 ......... 17, 23

8. 12 ........ 11 616, 3 24, 17 ........ II 620. 13

8. 18 ........ Π 616, 8 24, 19 ......... 444, 27

8, 22 ........ 11 616, 19 24. 23 ......... 445, 17

8, 27 ........ 11 616, 28 24, 25 ..... 410, 6; 447, 28

9. 9. 10 ....... 429, 19 24, 25-27 ....... 446, 21

9, 10 ......... 429, 24 24, 28 ......... 457, 20

9, 13 ........ II 617, 5 24, 31 ......... 447, 18

9.15 ......... 431, 23 24, 33. . . . . . . . .449, 18

9, 19 ......... 430, 6 Iud. 1, 1 ...... II 620, 17

9,25.15..,...,430,8 1,1.2 ....... 449,25

10, ,6 ....... 432, 1 1, 3 . . 11 620, 2Ο; ΠΙ 450, 16
10, 7. 8 ....... 431,16 . 1, 8 ......... 454,11

