scriptorum.

Ex. 20, 8 ...... II 110, 10
20. 12 . . · ...... 135, 27
20 ,13 ......... 137, 21
20, 14 ..... 137, 14; 295, 5
20, 15 ......... 138. 17
20, 16 ..... 139, 26,· 295, 8
20. 17 . 136, 5. 21; 137, 22; 291,
25; 293, 28

20. 18 ......... 140, 9
20, 18. 19 · ...... 377, 26
20, 19 . 141, 8, 198. 10; 377, 3
20, 20 ......... 141, 15
20, 21 ..... 141, 26; 203, 28
20. 22 ......... 378, 6
20, 23 ......... 142, 3
20, 24 ..... 11 558, 16. 22
20, 26 ......... 165, 27
21-23 . . . . . . . . 366, 22
21, 1 ......... 157, 10
21, 1. 2 ...... II 558, 25
21, 2 ......... 142, 8
21, 6 . . Π 559, 8; ΙΙΙ 142, 13;
157, 53 366, 24

21, 7-11 ....... 142,15
21, 11 ......... 145, 21
21, 12. 13 ....... 146, 5
21, 13 ........ II 559, 19
21, 20 ........ ΙΙ 559, 21
21. 22 ......... 146, 26
21, 23 ......... 147, 14
21, 24. 25 ....... 147, 17
21, 28 . . Π 559, 23; III 148, 14
21, 29 ........ II 560, 1
21, 33. 34 ...... 11560, 5
21, 34 ........ 11560,11
21, 35 ......... 148 26
22, l ......... 149, 6
22, 1—4 ....... 319, 20
22, 2. 3 ....... 149, 9
22, 5 ........ Π 560, 13
22, 9 ......... 149, 20
22, 26 ........ ΙΙ 560, 16
22, 28 ....... 149, 23. 27
23, 2 ....... 150, 12. 18
23, 3 ......... 150, 15
23, 4 ......... 151, 3
23,10.11 ....... 151, 9
23, 19 ......... 152, ll
23, 20. 21. 11560, 22; Π1154, 25
23, 25—27 ....... 155, υ
23, 28 . . Π 561, 4; [II 156, 1
23, 29. 30 ....... 462, 2
23, 30 ........ Π 561, 9

Ex. 23, 32. 33 . . . . 11 561,
23, 33 ......... 156,
24, 1-3 ....... 156,
24, 3 . . Π 561, 13; 111 157,
24, 3 sqq. ...... 447.
24, 4 ......... 157,
24, 5 ......... 158.
24, 6. 7 ....... 158,
24. 7 ......... 158,
24, 9.10 ....... 159,
24, 10 . . 11 561, 15; 111 160,
24, 11 ......... 159.
24, 13 ......... 160.
24, 18 ......... 375,
25, 10 ......... 161,
25, 11 ........ ᾗ. 161,
25, 12 ........ 11 561,
25, 13 ......... 161,
25, 16 ......... 161,
25, 17-19 ....... 161,
25, 26 ......... 163,
25, 28 ........ II 561,
26, 1 . . . 163, 7. 23; 213,
26, 1-3 ....... 205,
26, 2 ......... 163,
26, 4 ......... 205,
26, 5. 6 ....... 206,
26, 6 ......... 206,
26, 7 . 163. 27; 206, 18; 208,
26, 8. 9 ....... 206,
26, 8. 9. 10 ...... 221,
26, 10 ......... 207,
26, 11 ......... 207,
26, 12· ........ 221,
26, 12. 13 ....... 207,
26. 13 ..... 223, 7; 226,
26, 14 ......... 208.
26, 15-17 ....... 209,
26. 17 ......... 164.
16, 18-21 ....... 209,
26, 19 ........ 11 561,
26, 21 ......... 164,
26, 22. . . - . . . . 165
26, 22—25 ....... 210,
26, 25 ......... 165,
26, 26. 27 ....... 211,
26, 28 ......... 211,
26, 29 . . II 562, 1; 111 211,
26, 30-40 ....... 211.
26, 33 ......... 165,
26, 33. 34 ....... 339.
26, 35 ......... 212,
26, 36 ......... 229,

637

10
15
19
13
24
26

3
14
25

1

1
11
15
17

3
11
18
21
23
27

1
20

4

4
18
16

2
11
23
23
28

7
13
19
23

4
28

3
20
20
01
27

6
16

4

5
13
19
26

8
16
12
21

