 

 

658 Index

Mattssh. 1, 5 ...... 396, 7 Matth 10,11 ..... 5, 7
1, 16 ..... 404, 16; 405, 13 10, 28 ......... 307, 29;
l, 17 ......... 123, 27 Π 527, 23; 618, 20
1, 20. . . . 58, 21, Π412, 7 10, 29 ........ 11166, 1
1, 23 ........ 11 253, 23 10, 40 ........ II 540. 4
2,13 ........ ΙΙ 412, 7 11. 9. 10 ....... 467. 20
2,13-15 ....... 152, 27 11. 12 ......... 613. 13
3, 2 ......... 594, 4 11, 28 ......... 516, 16
3, 4 ......... 618,10 12, l ........ 11 30, 19
3, 8 9 ....... 614. 24 12, 27 ......... 545, 16
3, 9 ......... 567, 24 12, 28 ......... 105, 21
3,11 ......... 153, 13 12, 43-45 ...... 11 358, 5
3,11. 14 ....... 305, 2Ο 13, 28 ........ Π 356, 17
3 13. 11 ....... 27... 13 13, 29. 30 ....... 559, l
3, 17. . . . 11 6, 1; 270, 13 13, 30. 40-43 ..... 336, 19
4, 2 ......... 88, 22 13, 52 ........ 11 3, 5
4, 4.........518,25 14,25 ......... 316,4
4, τ. . . . . 33, 8ο;488, 10 13, 14 ......... 574,12
4, 11 ......... 614, 10 15. 26 ......... 472, 5
5, 5 ......... 578, 6 16, 3 ........ 11 37, τ
5. 6 ......... 160, 7 16,18 ......... 191, 7
5, 8. . . 413, 6; Π422, 17 17, 1-5 ....... 600,12
5,14 ......... 568, 6 18, 7 ......... 607, 13
5, 17 ......... 198, 24 19, 4. 5 ...... ΙΙ 294,14
5,19 ......... 572, 8 19, 7 ......... 395, 27
5 31 ......... 395, 27 19, 8 ......... 29216
5. 32 ......... 139, 5 19, 27. . . . .,571 8, 613, 17
5 34 ..... 379, 14; 612, 24 19, 28 ........ 11' 355, 8
5, 38 sqq. ...... 9,15 20, 10 ........ Π 274, 9
5, 48 ......... 376, 20, 28 ......... 593,18
6,1.........561,16 21,30 ......... 157,21
6,3.........571,4 2l‚3l ........ Π609,14
6, 4 ........... ’86 19 22, 30. . . Π 123,19;162,19;
6, 9 . . 11 580,16 39818 193, ,εξ 196, 8ιὲ
6, 11 ........ Π 528, 25 274, 2; 277, 21
6, 12 ..... 147, 2;3 500,18 22, 39. . . 11 386, 26; 393, 2
6, 15 ......... 579, 25 22, 40 ..... 181, 13; 187, 10
6, 25. . . 365, 25; Π 609, 21 23, 13 ......... 572, 16
6, 26. . . 152, 4; II 37, 5 23, 35 ......... 482, 30
6, 3ο ........ 11166, 8 83, 37 ........ 11 27. 9
7, 7 ........ 11 233,12 24,12. 13. . .576, 23; 595, 15;
7, 7.11 ...... 11 326, 24 607,16
7, 11 ........ 11 590’ 16 ff 84,13 ......... 607, 18
7, 13 ......... 617, 24 24, 28 ......... 624, 15
7, 15 ........ 11209, 3 24, 31 ......... 374, 6
7 23 ......... 602,11 24, 35 ......... 421, 28
7, 24-27 ....... 608,16 25, 10 ......... 515, 24
8. 6 ........ 11 539, 26 25, 12 ..... 187, 21; 536, 13
8,11 ......... 160, 11 25, 30 ......... 495, 30
8, 32 ........ 11 34516 25, 33 ........ 11 475, 20
9, 11. 12 ....... 494,17 25, 41 . . . 594, 17; 11 353, 24
9,15. . . . . . . .499, 27 26, 28 ......... 250, 1
9, 20- 22 ....... 499, 24 26,

 

